10
0
1000
blue

30
0
1200
blue

100
0
1500
blue

150
0
2000
blue

300
0
2200
blue

400
0
2500
red

450
0
2700
red

570
0
3000
red

700
0
3500
red

750
0
3600
yellow

10
0
5500
yellow

600
0
5510
yellow

20
0
6200
yellow

580
0
6210
yellow

400
0
6500
yellow

400
0
6510
yellow

350
0
6900
blue

450
0
6910
blue

250
0
7200
blue

550
0
7210
blue

200
0
7500
blue

600
0
7510
blue

150
0
7800
yellow

650
0
7810
yellow

100
0
8000
yellow

700
0
8010
yellow

50
0
8200
yellow

750
0
8210
yellow

10
0
8500
red

790
0
8510
red

10
0
8700
red

790
0
8710
red

20
0
9000
blue

800
0
9010
blue

256
0
10700
yellow

768
0
10710
yellow

256
0
11200
yellow

768
0
11210
yellow

256
0
11700
yellow

768
0
11710
yellow

256
0
12200
yellow

768
0
12210
yellow

256
0
12700
yellow

768
0
12710
yellow

256
0
13200
yellow

768
0
13210
yellow

256
0
13700
yellow

768
0
13710
yellow

412
0
14000
blue

512
0
14010
red

412
0
14500
red

512
0
14510
blue

412
0
15000
blue

512
0
15010
red

412
0
15500
red

512
0
15510
blue

412
0
16000
blue

512
0
16010
red

412
0
16500
red

512
0
16510
blue

412
0
17000
blue

512
0
17010
red

100
0
20000
yellow

924
0
20010
red

150
0
20500
blue

874
0
20510
yellow

120
0
20700
yellow

894
0
20710
red

300
0
21000
blue

800
0
21010
yellow

312
0
21500
red

512
0
21510
blue

200
0
22000
yellow

700
0
22010
blue

300
0
22500
red

700
0
22510
yellow

100
0
23000
blue

900
0
23000
red

150
0
23500
yellow

850
0
23510
blue

452
0
24000
blue

452
0
24510
blue

452
0
25000
blue

452
0
25500
blue

452
0
26000
blue

452
0
26500
blue

452
0
27000
yellow

452
0
27500
yellow

452
0
28000
yellow

452
0
28500
yellow

100
0
29000
red

900
0
29010
blue

120
0
30000
blue

880
0
30010
yellow

300
0
30500
yellow

600
0
30510
blue

200
0
31000
blue

700
0
31010
red

312
0
31500
red

612
0
32000
blue